{
 "cells": [
  {
   "cell_type": "code",
   "execution_count": 32,
   "metadata": {},
   "outputs": [],
   "source": [
    "import pandas as pd\n",
    "from sklearn.ensemble import RandomForestRegressor\n",
    "from sklearn.metrics import mean_squared_error, r2_score, mean_absolute_error\n",
    "from sklearn.model_selection import train_test_split\n",
    "import numpy as np\n",
    "from scipy.stats import pearsonr"
   ]
  },
  {
   "cell_type": "code",
   "execution_count": 33,
   "metadata": {},
   "outputs": [
    {
     "data": {
      "text/html": [
       "<div>\n",
       "<style scoped>\n",
       "    .dataframe tbody tr th:only-of-type {\n",
       "        vertical-align: middle;\n",
       "    }\n",
       "\n",
       "    .dataframe tbody tr th {\n",
       "        vertical-align: top;\n",
       "    }\n",
       "\n",
       "    .dataframe thead th {\n",
       "        text-align: right;\n",
       "    }\n",
       "</style>\n",
       "<table border=\"1\" class=\"dataframe\">\n",
       "  <thead>\n",
       "    <tr style=\"text-align: right;\">\n",
       "      <th></th>\n",
       "      <th>id</th>\n",
       "      <th>fecha</th>\n",
       "      <th>day</th>\n",
       "      <th>month</th>\n",
       "      <th>year</th>\n",
       "      <th>region</th>\n",
       "      <th>titulo</th>\n",
       "      <th>subtitular</th>\n",
       "      <th>cant_notas</th>\n",
       "      <th>politica</th>\n",
       "      <th>...</th>\n",
       "      <th>publicidad</th>\n",
       "      <th>contraportada</th>\n",
       "      <th>modelo</th>\n",
       "      <th>palabras_titulo</th>\n",
       "      <th>palabras_st</th>\n",
       "      <th>envio_total</th>\n",
       "      <th>cobrable</th>\n",
       "      <th>devuelto</th>\n",
       "      <th>vendido</th>\n",
       "      <th>total_paginas</th>\n",
       "    </tr>\n",
       "  </thead>\n",
       "  <tbody>\n",
       "    <tr>\n",
       "      <th>0</th>\n",
       "      <td>010222nacional</td>\n",
       "      <td>2/1/2022</td>\n",
       "      <td>Sunday</td>\n",
       "      <td>January</td>\n",
       "      <td>2022</td>\n",
       "      <td>nacional</td>\n",
       "      <td>celebracion lo lleva a la muerte</td>\n",
       "      <td>ya no llego a darles el abrazo a sus papas, en...</td>\n",
       "      <td>4</td>\n",
       "      <td>0</td>\n",
       "      <td>...</td>\n",
       "      <td>0</td>\n",
       "      <td>modelo</td>\n",
       "      <td>1</td>\n",
       "      <td>6</td>\n",
       "      <td>13</td>\n",
       "      <td>94993</td>\n",
       "      <td>93185</td>\n",
       "      <td>11937</td>\n",
       "      <td>81248</td>\n",
       "      <td>36</td>\n",
       "    </tr>\n",
       "    <tr>\n",
       "      <th>1</th>\n",
       "      <td>010322nacional</td>\n",
       "      <td>3/1/2022</td>\n",
       "      <td>Monday</td>\n",
       "      <td>January</td>\n",
       "      <td>2022</td>\n",
       "      <td>nacional</td>\n",
       "      <td>campeon historico</td>\n",
       "      <td>los toros suman su primer titulo de liga nacional</td>\n",
       "      <td>5</td>\n",
       "      <td>0</td>\n",
       "      <td>...</td>\n",
       "      <td>1</td>\n",
       "      <td>deporte</td>\n",
       "      <td>1</td>\n",
       "      <td>2</td>\n",
       "      <td>9</td>\n",
       "      <td>110810</td>\n",
       "      <td>108409</td>\n",
       "      <td>6740</td>\n",
       "      <td>101669</td>\n",
       "      <td>34</td>\n",
       "    </tr>\n",
       "    <tr>\n",
       "      <th>2</th>\n",
       "      <td>010422nacional</td>\n",
       "      <td>4/1/2022</td>\n",
       "      <td>Tuesday</td>\n",
       "      <td>January</td>\n",
       "      <td>2022</td>\n",
       "      <td>nacional</td>\n",
       "      <td>arde ensambladora</td>\n",
       "      <td>se destruyen miles de motos en amatitlan</td>\n",
       "      <td>4</td>\n",
       "      <td>0</td>\n",
       "      <td>...</td>\n",
       "      <td>0</td>\n",
       "      <td>nacionales</td>\n",
       "      <td>1</td>\n",
       "      <td>2</td>\n",
       "      <td>7</td>\n",
       "      <td>97543</td>\n",
       "      <td>95151</td>\n",
       "      <td>8336</td>\n",
       "      <td>86815</td>\n",
       "      <td>32</td>\n",
       "    </tr>\n",
       "    <tr>\n",
       "      <th>3</th>\n",
       "      <td>010522nacional</td>\n",
       "      <td>5/1/2022</td>\n",
       "      <td>Wednesday</td>\n",
       "      <td>January</td>\n",
       "      <td>2022</td>\n",
       "      <td>nacional</td>\n",
       "      <td>balean albaniles</td>\n",
       "      <td>sicarios los esperaban en esquina del centro d...</td>\n",
       "      <td>3</td>\n",
       "      <td>0</td>\n",
       "      <td>...</td>\n",
       "      <td>1</td>\n",
       "      <td>modelo</td>\n",
       "      <td>1</td>\n",
       "      <td>2</td>\n",
       "      <td>10</td>\n",
       "      <td>96234</td>\n",
       "      <td>93842</td>\n",
       "      <td>14682</td>\n",
       "      <td>79160</td>\n",
       "      <td>32</td>\n",
       "    </tr>\n",
       "    <tr>\n",
       "      <th>4</th>\n",
       "      <td>010622nacional</td>\n",
       "      <td>6/1/2022</td>\n",
       "      <td>Thursday</td>\n",
       "      <td>January</td>\n",
       "      <td>2022</td>\n",
       "      <td>nacional</td>\n",
       "      <td>feliz dia de reyes</td>\n",
       "      <td>-</td>\n",
       "      <td>1</td>\n",
       "      <td>0</td>\n",
       "      <td>...</td>\n",
       "      <td>0</td>\n",
       "      <td>modelo</td>\n",
       "      <td>1</td>\n",
       "      <td>4</td>\n",
       "      <td>1</td>\n",
       "      <td>96254</td>\n",
       "      <td>93851</td>\n",
       "      <td>9796</td>\n",
       "      <td>84055</td>\n",
       "      <td>32</td>\n",
       "    </tr>\n",
       "  </tbody>\n",
       "</table>\n",
       "<p>5 rows × 28 columns</p>\n",
       "</div>"
      ],
      "text/plain": [
       "               id     fecha        day    month  year    region  \\\n",
       "0  010222nacional  2/1/2022     Sunday  January  2022  nacional   \n",
       "1  010322nacional  3/1/2022     Monday  January  2022  nacional   \n",
       "2  010422nacional  4/1/2022    Tuesday  January  2022  nacional   \n",
       "3  010522nacional  5/1/2022  Wednesday  January  2022  nacional   \n",
       "4  010622nacional  6/1/2022   Thursday  January  2022  nacional   \n",
       "\n",
       "                             titulo  \\\n",
       "0  celebracion lo lleva a la muerte   \n",
       "1                 campeon historico   \n",
       "2                 arde ensambladora   \n",
       "3                  balean albaniles   \n",
       "4                feliz dia de reyes   \n",
       "\n",
       "                                          subtitular  cant_notas  politica  \\\n",
       "0  ya no llego a darles el abrazo a sus papas, en...           4         0   \n",
       "1  los toros suman su primer titulo de liga nacional           5         0   \n",
       "2           se destruyen miles de motos en amatitlan           4         0   \n",
       "3  sicarios los esperaban en esquina del centro d...           3         0   \n",
       "4                                                  -           1         0   \n",
       "\n",
       "   ...  publicidad  contraportada  modelo  palabras_titulo  palabras_st  \\\n",
       "0  ...           0         modelo       1                6           13   \n",
       "1  ...           1        deporte       1                2            9   \n",
       "2  ...           0     nacionales       1                2            7   \n",
       "3  ...           1         modelo       1                2           10   \n",
       "4  ...           0         modelo       1                4            1   \n",
       "\n",
       "   envio_total  cobrable  devuelto  vendido total_paginas  \n",
       "0        94993     93185     11937    81248            36  \n",
       "1       110810    108409      6740   101669            34  \n",
       "2        97543     95151      8336    86815            32  \n",
       "3        96234     93842     14682    79160            32  \n",
       "4        96254     93851      9796    84055            32  \n",
       "\n",
       "[5 rows x 28 columns]"
      ]
     },
     "execution_count": 33,
     "metadata": {},
     "output_type": "execute_result"
    }
   ],
   "source": [
    "# Cargar datos\n",
    "file_path = r'C:\\Users\\emisi\\OneDrive\\INCAE_Análisis de Datos, Innovación y Tecnología\\PAIT\\Nuestro Diario\\Bases de Datos\\Análisis de Bases de Datos\\DatosNacionales.csv'\n",
    "df = pd.read_csv(file_path, delimiter= ';')\n",
    "df.head()"
   ]
  },
  {
   "cell_type": "code",
   "execution_count": 34,
   "metadata": {},
   "outputs": [
    {
     "name": "stdout",
     "output_type": "stream",
     "text": [
      "Entrenando Random Forest con n_estimators=20, max_depth=5\n",
      "Entrenando Random Forest con n_estimators=20, max_depth=10\n",
      "Entrenando Random Forest con n_estimators=20, max_depth=15\n",
      "Entrenando Random Forest con n_estimators=40, max_depth=5\n",
      "Entrenando Random Forest con n_estimators=40, max_depth=10\n",
      "Entrenando Random Forest con n_estimators=40, max_depth=15\n",
      "Entrenando Random Forest con n_estimators=60, max_depth=5\n",
      "Entrenando Random Forest con n_estimators=60, max_depth=10\n",
      "Entrenando Random Forest con n_estimators=60, max_depth=15\n",
      "Entrenando Random Forest con n_estimators=80, max_depth=5\n",
      "Entrenando Random Forest con n_estimators=80, max_depth=10\n",
      "Entrenando Random Forest con n_estimators=80, max_depth=15\n",
      "Entrenando Random Forest con n_estimators=100, max_depth=5\n",
      "Entrenando Random Forest con n_estimators=100, max_depth=10\n",
      "Entrenando Random Forest con n_estimators=100, max_depth=15\n",
      "\n",
      "Ranking de modelos por RMSE:\n",
      "    Number of Trees  Maximal Depth         RMSE  Absolute Error  \\\n",
      "11               80             15  8393.455093     5510.294913   \n",
      "5                40             15  8407.147123     5556.517263   \n",
      "14              100             15  8410.890170     5508.551734   \n",
      "8                60             15  8481.086999     5529.483090   \n",
      "4                40             10  8525.647400     5702.224455   \n",
      "10               80             10  8570.003293     5746.060247   \n",
      "13              100             10  8601.346214     5733.012646   \n",
      "7                60             10  8608.224737     5722.595424   \n",
      "1                20             10  8644.108308     5755.495515   \n",
      "2                20             15  8845.594225     5662.418105   \n",
      "3                40              5  9332.713273     6618.831793   \n",
      "9                80              5  9383.260909     6712.006941   \n",
      "12              100              5  9401.694677     6719.237374   \n",
      "6                60              5  9428.478205     6693.233806   \n",
      "0                20              5  9446.627093     6639.494386   \n",
      "\n",
      "    Relative Error (%)  Squared Error  Correlation Coefficient  \n",
      "11           17.782530   7.045009e+07                 0.779140  \n",
      "5            17.664518   7.068012e+07                 0.777686  \n",
      "14           18.141935   7.074307e+07                 0.778103  \n",
      "8            18.746048   7.192884e+07                 0.773253  \n",
      "4            18.076349   7.268666e+07                 0.771355  \n",
      "10           18.377937   7.344496e+07                 0.768972  \n",
      "13           18.545379   7.398316e+07                 0.766902  \n",
      "7            19.399361   7.410153e+07                 0.766122  \n",
      "1            19.585200   7.472061e+07                 0.764022  \n",
      "2            20.592878   7.824454e+07                 0.749529  \n",
      "3            17.943961   8.709954e+07                 0.720862  \n",
      "9            19.064607   8.804559e+07                 0.719548  \n",
      "12           19.277495   8.839186e+07                 0.718129  \n",
      "6            19.753725   8.889620e+07                 0.714440  \n",
      "0            20.126482   8.923876e+07                 0.713073  \n",
      "\n",
      "Ranking de modelos por Error Absoluto:\n",
      "    Number of Trees  Maximal Depth         RMSE  Absolute Error  \\\n",
      "14              100             15  8410.890170     5508.551734   \n",
      "11               80             15  8393.455093     5510.294913   \n",
      "8                60             15  8481.086999     5529.483090   \n",
      "5                40             15  8407.147123     5556.517263   \n",
      "2                20             15  8845.594225     5662.418105   \n",
      "4                40             10  8525.647400     5702.224455   \n",
      "7                60             10  8608.224737     5722.595424   \n",
      "13              100             10  8601.346214     5733.012646   \n",
      "10               80             10  8570.003293     5746.060247   \n",
      "1                20             10  8644.108308     5755.495515   \n",
      "3                40              5  9332.713273     6618.831793   \n",
      "0                20              5  9446.627093     6639.494386   \n",
      "6                60              5  9428.478205     6693.233806   \n",
      "9                80              5  9383.260909     6712.006941   \n",
      "12              100              5  9401.694677     6719.237374   \n",
      "\n",
      "    Relative Error (%)  Squared Error  Correlation Coefficient  \n",
      "14           18.141935   7.074307e+07                 0.778103  \n",
      "11           17.782530   7.045009e+07                 0.779140  \n",
      "8            18.746048   7.192884e+07                 0.773253  \n",
      "5            17.664518   7.068012e+07                 0.777686  \n",
      "2            20.592878   7.824454e+07                 0.749529  \n",
      "4            18.076349   7.268666e+07                 0.771355  \n",
      "7            19.399361   7.410153e+07                 0.766122  \n",
      "13           18.545379   7.398316e+07                 0.766902  \n",
      "10           18.377937   7.344496e+07                 0.768972  \n",
      "1            19.585200   7.472061e+07                 0.764022  \n",
      "3            17.943961   8.709954e+07                 0.720862  \n",
      "0            20.126482   8.923876e+07                 0.713073  \n",
      "6            19.753725   8.889620e+07                 0.714440  \n",
      "9            19.064607   8.804559e+07                 0.719548  \n",
      "12           19.277495   8.839186e+07                 0.718129  \n",
      "\n",
      "Ranking de modelos por R²:\n",
      "    Number of Trees  Maximal Depth         RMSE  Absolute Error  \\\n",
      "11               80             15  8393.455093     5510.294913   \n",
      "14              100             15  8410.890170     5508.551734   \n",
      "5                40             15  8407.147123     5556.517263   \n",
      "8                60             15  8481.086999     5529.483090   \n",
      "4                40             10  8525.647400     5702.224455   \n",
      "10               80             10  8570.003293     5746.060247   \n",
      "13              100             10  8601.346214     5733.012646   \n",
      "7                60             10  8608.224737     5722.595424   \n",
      "1                20             10  8644.108308     5755.495515   \n",
      "2                20             15  8845.594225     5662.418105   \n",
      "3                40              5  9332.713273     6618.831793   \n",
      "9                80              5  9383.260909     6712.006941   \n",
      "12              100              5  9401.694677     6719.237374   \n",
      "6                60              5  9428.478205     6693.233806   \n",
      "0                20              5  9446.627093     6639.494386   \n",
      "\n",
      "    Relative Error (%)  Squared Error  Correlation Coefficient  \n",
      "11           17.782530   7.045009e+07                 0.779140  \n",
      "14           18.141935   7.074307e+07                 0.778103  \n",
      "5            17.664518   7.068012e+07                 0.777686  \n",
      "8            18.746048   7.192884e+07                 0.773253  \n",
      "4            18.076349   7.268666e+07                 0.771355  \n",
      "10           18.377937   7.344496e+07                 0.768972  \n",
      "13           18.545379   7.398316e+07                 0.766902  \n",
      "7            19.399361   7.410153e+07                 0.766122  \n",
      "1            19.585200   7.472061e+07                 0.764022  \n",
      "2            20.592878   7.824454e+07                 0.749529  \n",
      "3            17.943961   8.709954e+07                 0.720862  \n",
      "9            19.064607   8.804559e+07                 0.719548  \n",
      "12           19.277495   8.839186e+07                 0.718129  \n",
      "6            19.753725   8.889620e+07                 0.714440  \n",
      "0            20.126482   8.923876e+07                 0.713073  \n"
     ]
    }
   ],
   "source": [
    "import pandas as pd\n",
    "from sklearn.ensemble import RandomForestRegressor\n",
    "from sklearn.metrics import mean_squared_error, mean_absolute_error\n",
    "from sklearn.model_selection import train_test_split\n",
    "import numpy as np\n",
    "from scipy.stats import pearsonr\n",
    "\n",
    "# Cargar el Dataset\n",
    "file_path = \"DatosNacionales.csv\"  # Asegúrate de colocar la ruta correcta\n",
    "df = pd.read_csv(file_path, delimiter=\";\")\n",
    "\n",
    "# Eliminar las variables especificadas\n",
    "columns_to_exclude = [\"region\", \"titulo\", \"modelo_portada\", \"especial\", \"id\", \"fecha\", \"year\", \"subtitular\", \"cobrable\", \"envio_total\", \"devuelto\"]\n",
    "df = df.drop(columns=columns_to_exclude, errors=\"ignore\")\n",
    "\n",
    "# Lista de variables categóricas que deben ser convertidas a dummies\n",
    "categorical_vars = [\"day\", \"month\", \"contraportada\"]\n",
    "\n",
    "# Verificar qué variables categóricas existen en el dataset\n",
    "existing_categorical_vars = [col for col in categorical_vars if col in df.columns]\n",
    "\n",
    "# Convertir variables categóricas en dummies\n",
    "df = pd.get_dummies(df, columns=existing_categorical_vars, drop_first=True)\n",
    "\n",
    "# Asegurar que todas las variables sean numéricas\n",
    "df = df.apply(pd.to_numeric, errors=\"coerce\")\n",
    "\n",
    "# Definir las variables predictoras (X) excluyendo \"vendido\"\n",
    "X = df.drop(columns=[\"vendido\"])\n",
    "\n",
    "# Variable objetivo (y)\n",
    "y = df[\"vendido\"]\n",
    "\n",
    "# Llenar valores NaN para evitar errores en la regresión\n",
    "X = X.fillna(X.median())  # Usando la mediana\n",
    "y = y.fillna(y.median())  # Usando la mediana\n",
    "\n",
    "# Convertir todas las variables a tipo float\n",
    "X = X.astype(float)\n",
    "y = y.astype(float)\n",
    "\n",
    "# Dividir los datos en conjunto de entrenamiento y conjunto de prueba\n",
    "X_train, X_test, y_train, y_test = train_test_split(X, y, test_size=0.2, random_state=42)\n",
    "\n",
    "# Definir la cuadrícula de hiperparámetros: n_estimators y max_depth\n",
    "valores_n_estimators = [20, 40, 60, 80, 100]\n",
    "valores_max_depth = [5, 10, 15]\n",
    "\n",
    "# Inicializar lista para almacenar resultados\n",
    "resultados = []\n",
    "\n",
    "# Iterar sobre las combinaciones de n_estimators y max_depth\n",
    "for n_estimators in valores_n_estimators:\n",
    "    for max_depth in valores_max_depth:\n",
    "        print(f\"Entrenando Random Forest con n_estimators={n_estimators}, max_depth={max_depth}\")\n",
    "        \n",
    "        # Crear y ajustar el modelo\n",
    "        rf_modelo = RandomForestRegressor(n_estimators=n_estimators, max_depth=max_depth, random_state=42)\n",
    "        rf_modelo.fit(X_train, y_train)\n",
    "        \n",
    "        # Generar predicciones\n",
    "        y_pred = rf_modelo.predict(X_test)\n",
    "        \n",
    "        # 1. Root Mean Squared Error (RMSE)\n",
    "        rmse = np.sqrt(mean_squared_error(y_test, y_pred))\n",
    "        \n",
    "        # 2. Absolute Error\n",
    "        absolute_error = mean_absolute_error(y_test, y_pred)\n",
    "        \n",
    "        # 3. Relative Error (Lenient)\n",
    "        relative_error = np.mean(np.abs((y_test - y_pred) / y_test)) * 100\n",
    "        \n",
    "        # 4. Squared Error\n",
    "        squared_error = np.mean((y_test - y_pred) ** 2)\n",
    "        \n",
    "        # 5. Correlation Coefficient (R)\n",
    "        correlation, _ = pearsonr(y_test, y_pred)\n",
    "        \n",
    "        # Almacenar los resultados en la lista\n",
    "        resultados.append({\n",
    "            \"Number of Trees\": n_estimators,\n",
    "            \"Maximal Depth\": max_depth,\n",
    "            \"RMSE\": rmse,\n",
    "            \"Absolute Error\": absolute_error,\n",
    "            \"Relative Error (%)\": relative_error,\n",
    "            \"Squared Error\": squared_error,\n",
    "            \"Correlation Coefficient\": correlation\n",
    "        })\n",
    "\n",
    "# Crear un DataFrame para visualizar los resultados\n",
    "df_resultados = pd.DataFrame(resultados)\n",
    "\n",
    "# Ordenar el DataFrame por las métricas en orden ascendente o descendente según sea necesario\n",
    "df_resultados_ranked_rmse = df_resultados.sort_values(by=\"RMSE\", ascending=True)  # Mejor RMSE al principio\n",
    "df_resultados_ranked_absolute_error = df_resultados.sort_values(by=\"Absolute Error\", ascending=True)  # Mejor Error Absoluto al principio\n",
    "df_resultados_ranked_r2 = df_resultados.sort_values(by=\"Correlation Coefficient\", ascending=False)  # Mejor R² al principio\n",
    "\n",
    "# Mostrar los resultados ordenados en ranking para cada métrica\n",
    "print(\"\\nRanking de modelos por RMSE:\")\n",
    "print(df_resultados_ranked_rmse)\n",
    "\n",
    "print(\"\\nRanking de modelos por Error Absoluto:\")\n",
    "print(df_resultados_ranked_absolute_error)\n",
    "\n",
    "print(\"\\nRanking de modelos por R²:\")\n",
    "print(df_resultados_ranked_r2)\n"
   ]
  },
  {
   "cell_type": "code",
   "execution_count": 35,
   "metadata": {},
   "outputs": [
    {
     "name": "stdout",
     "output_type": "stream",
     "text": [
      "Mejor modelo basado en R² (Correlation Coefficient):\n",
      "    Number of Trees  Maximal Depth         RMSE  Absolute Error  \\\n",
      "11               80             15  8393.455093     5510.294913   \n",
      "\n",
      "    Relative Error (%)  Squared Error  Correlation Coefficient  \n",
      "11            17.78253   7.045009e+07                  0.77914  \n",
      "\n",
      "Mejor modelo basado en RMSE (Root Mean Squared Error):\n",
      "    Number of Trees  Maximal Depth         RMSE  Absolute Error  \\\n",
      "11               80             15  8393.455093     5510.294913   \n",
      "\n",
      "    Relative Error (%)  Squared Error  Correlation Coefficient  \n",
      "11            17.78253   7.045009e+07                  0.77914  \n",
      "\n",
      "Mejor modelo basado en Error Absoluto:\n",
      "    Number of Trees  Maximal Depth        RMSE  Absolute Error  \\\n",
      "14              100             15  8410.89017     5508.551734   \n",
      "\n",
      "    Relative Error (%)  Squared Error  Correlation Coefficient  \n",
      "14           18.141935   7.074307e+07                 0.778103  \n"
     ]
    }
   ],
   "source": [
    "# Selección del modelo en base a R² (mayor valor)\n",
    "mejor_modelo_r2 = df_resultados.loc[df_resultados['Correlation Coefficient'] == df_resultados['Correlation Coefficient'].max()]\n",
    "\n",
    "# Selección del modelo con el mínimo RMSE\n",
    "mejor_modelo_rmse = df_resultados.loc[df_resultados['RMSE'] == df_resultados['RMSE'].min()]\n",
    "\n",
    "# Selección del modelo con el mínimo error absoluto\n",
    "mejor_modelo_error_absoluto = df_resultados.loc[df_resultados['Absolute Error'] == df_resultados['Absolute Error'].min()]\n",
    "\n",
    "# Imprimir el mejor modelo basado en R², RMSE y Error Absoluto\n",
    "print(\"Mejor modelo basado en R² (Correlation Coefficient):\")\n",
    "print(mejor_modelo_r2)\n",
    "\n",
    "print(\"\\nMejor modelo basado en RMSE (Root Mean Squared Error):\")\n",
    "print(mejor_modelo_rmse)\n",
    "\n",
    "print(\"\\nMejor modelo basado en Error Absoluto:\")\n",
    "print(mejor_modelo_error_absoluto)\n"
   ]
  }
 ],
 "metadata": {
  "kernelspec": {
   "display_name": "Python 3",
   "language": "python",
   "name": "python3"
  },
  "language_info": {
   "codemirror_mode": {
    "name": "ipython",
    "version": 3
   },
   "file_extension": ".py",
   "mimetype": "text/x-python",
   "name": "python",
   "nbconvert_exporter": "python",
   "pygments_lexer": "ipython3",
   "version": "3.12.2"
  }
 },
 "nbformat": 4,
 "nbformat_minor": 2
}
